SN码:H120UA-H07230688
FX:1013.9725065005
FY:1014.1120807788
CX:958.4563503305
CY:540.2893677355
K1:0.2124987295
K2:-0.2168856739
P1:0.0000561204
P2:-0.0000225165
K3:-0.0137951393
K4:0.6071192584
K5:-0.2303058160
K6:-0.0733258657
RMS:0.0133
标定校验:null
是否写入: