SN码:H120UA-H09170581
FX:1015.0096185315
FY:1015.0156337066
CX:960.9104010174
CY:537.7387098916
K1:0.1857060817
K2:-0.1872037111
P1:-0.0000164749
P2:0.0000296085
K3:-0.0102006880
K4:0.5788631578
K5:-0.2089849600
K6:-0.0584449888
RMS:0.0086
标定校验:null
是否写入: