SN码:H120UA-H09170601
FX:1014.6043180727
FY:1014.7492008671
CX:961.9054068275
CY:538.9034796660
K1:1.2690613748
K2:0.3298247654
P1:-0.0001133993
P2:0.0000014473
K3:0.0096408045
K4:1.6657240194
K5:0.7300462745
K6:0.0684943722
RMS:0.0170
标定校验:null
是否写入: