SN码:H120UA-H07230675
FX:1017.7968669452
FY:1017.7180554471
CX:960.2652421927
CY:539.7736451654
K1:1.0993703625
K2:0.2607466029
P1:0.0000885744
P2:-0.0000150492
K3:0.0077909308
K4:1.4940292720
K5:0.5951767271
K6:0.0536395756
RMS:0.0146
标定校验:null
是否写入: