SN码:H60SA-I01080922
FX:3773.4670823987
FY:3772.6017090254
CX:1924.6398242657
CY:1088.3622869824
K1:0.1955043764
K2:15.3928362858
P1:-0.0005231226
P2:0.0011172938
K3:4.9464971117
K4:0.5433031197
K5:15.5834920344
K6:12.1973095543
RMS:0.0134
标定校验:null
是否写入: