SN码:H60SA-I01080907
FX:3773.9047953574
FY:3773.6818485413
CX:1923.1416793071
CY:1103.2582249772
K1:-0.1488048078
K2:17.2102326819
P1:-0.0015892288
P2:-0.0012853594
K3:3.5380325446
K4:0.1993229747
K5:17.2976220687
K6:11.2267916350
RMS:0.0237
标定校验:null
是否写入: